StoreID,SKF,QTY
4829,808966,5
4829,893932,7
4829,638384,2
4829,260513,4
4829,697840,2
4829,706390,1
4829,438522,9
4829,305646,6
4829,626872,6
4829,462192,2
4829,235990,1
4829,354072,7
4829,314705,1
4829,137917,6
4829,752470,9
4829,680528,9
4829,108508,3
4829,462327,7
4829,220298,5
4829,168441,4
4829,410705,7
4829,162926,5
4829,571311,1
4829,332165,8
4829,311649,9
4829,911907,9
4829,211492,1
4829,890078,3
4829,415774,3
4829,751736,2
4829,868588,6
4829,303658,5
4829,803510,3
4829,533603,7
4829,955408,6
4829,311755,6
4829,805177,9
4829,373458,5
4829,806704,4
4829,776227,5
4829,688307,6
4829,199265,9
4829,438306,6
4829,289385,8
4829,341840,5
4829,810042,2
4829,969797,3
4829,225303,1
4829,418860,8
4829,320322,4
4829,131644,6
4829,848096,6
4829,740442,3
4829,727850,9
4829,729862,3
4829,817651,3
4829,244170,6
4829,687571,8
4829,203018,8
4829,419009,5
4829,659934,7
4829,975843,4
4829,589469,7
4829,180722,7
4829,970550,2
4829,609001,3
4829,503394,4
4829,721588,3
4829,921041,4
4829,187704,5
4829,309726,2
4829,324920,4
4829,611787,7
4829,219898,5
4829,846591,4
4829,318086,6
4829,346805,1
4829,997264,3
4829,356436,7
4829,935468,9
4829,170333,7
4829,677243,4
4829,495457,7
4829,929219,6
4829,918640,4
4829,451648,5
4829,393409,1
4829,797162,9
4829,688220,5
4829,585106,6
4829,816424,2
4829,902542,2
4829,583034,5
4829,215127,1
4829,413223,6
4829,865369,9
4829,703388,7
4829,413550,6
4829,659526,8
4829,285421,2
4829,106003,6
4829,545737,3
4829,563508,3
4829,395580,2
4829,998046,9
4829,239586,5
4829,862981,6
4829,553324,5
4829,227118,4
4829,543462,1
4829,203637,1
4829,921429,5
4829,624644,4
4829,579737,5
4829,181702,6
4829,324796,7
4829,961800,4
4829,267412,2
4829,788812,4
4829,241033,9
4829,338693,6
4829,970347,5
4829,647500,5
4829,510099,5
4829,640194,4
4829,189174,9
4829,239171,5
4829,578145,2
4829,401015,7
4829,194166,4
4829,423569,5
4829,934164,7
4829,506069,5
4829,145239,2
4829,160389,6
4829,360638,3
4829,760934,8
4829,196890,1
4829,355960,3
4829,131404,6
4829,288929,1
4829,203791,7
4829,307505,2
4829,409307,6
4829,130176,7
4829,919513,6
4829,574998,8
4829,352953,4
4829,652927,8
4829,905065,8
4829,327664,7
4829,839850,4
4829,761892,7
4829,461894,9
4829,860768,1
4829,234210,1
4829,338355,7
4829,956730,5
4829,402363,2
4829,593002,8
4829,981620,1
4829,836415,5
4829,804269,5
4829,886617,7
4829,820451,7
4829,222783,7
4829,433121,7
4829,162251,1
4829,554947,9
4829,868785,4
4829,732649,3
4829,846299,4
4829,411194,1
4829,973867,3
4829,831611,7
4829,557772,9
4829,304908,7
4829,320741,6
4829,241337,4
4829,790059,4
4829,709170,7
4829,526332,7
4829,444882,4
4829,896320,2
4829,650660,6
4829,145482,6
4829,553779,7
4829,707492,6
4829,613649,2
4829,861457,9
4829,673957,2
4829,614154,3
4829,259917,9
4829,187976,3
4829,705219,3
4829,200294,1
4829,392880,8
4829,917603,8
4829,968420,6
4829,216612,6
4829,332765,8
4829,167924,4
4829,530757,5
4829,961164,9
4829,494157,4
4829,988776,6
4829,852888,7
4829,548799,7
4829,319869,8
4829,314935,7
4829,731763,4
4829,257563,4
4829,707498,3
4829,584250,6
4829,599863,5
4829,672507,6
4829,209673,4
4829,839709,9
4829,484993,2
4829,248326,8
4829,611018,3
4829,331762,7
4829,825181,8
4829,756438,4
4829,675879,4
4829,793221,4
4829,165614,1
4829,275183,5
4829,174291,7
4829,845467,6
4829,393587,1
4829,489381,5
4829,971056,8
4829,690979,7
4829,685982,8
4829,337754,4
4829,479184,4
4829,176897,2
4829,931026,1
4829,166640,4
4829,204147,4
4829,196634,2
4829,128305,1
4829,564448,6
4829,830637,3
4829,333799,6
4829,792581,8
4829,712432,3
4829,492190,4
4829,506992,9
4829,630855,6
4829,742452,4
4829,515092,1
4829,709766,8
4829,376305,7
4829,528239,9
4829,812373,3
4829,637618,4
4829,480243,5
4829,350936,2
4829,258405,3
4829,454261,9
4829,718383,6
4829,775055,7
4829,727656,7
4829,574959,3
4829,721092,4
4829,231758,9
4829,126316,2
4829,416011,9
4829,973468,3
4829,102536,7
4829,344660,5
4829,592388,7
4829,250087,2
4829,977933,9
4829,890787,1
4829,323606,4
4829,489483,8
4829,447852,6
4829,910352,4
4829,825428,7
4829,924772,9
4829,687382,3
4829,550123,7
4829,458619,7
4829,965724,2
4829,354156,3
4829,664434,6
4829,904713,1
4829,816968,1
4829,765445,4
4829,895912,9
4829,293125,4
4829,908701,2
4829,667666,7
4829,367268,9
4829,697211,3
4829,128081,7
4829,189930,1
4829,106088,8
4829,522154,9
4829,757154,3
4829,397910,1
4829,623888,7
4829,275387,5
4829,915064,8
4829,916924,3
4829,277406,5
4829,913990,9
4829,867462,9
4829,263936,2
4829,706959,2
4829,543823,7
4829,984101,8
4829,629769,4
4829,671203,5
4829,984146,5
4829,729022,3
4829,550595,3
4829,996719,1
4829,246248,9
4829,393303,5
4829,787883,9
4829,382514,2
4829,850235,6
4829,186926,8
4829,278352,7
4829,323498,6
4829,832843,6
4829,222489,3
4829,346210,2
4829,696127,4
4829,563098,8
4829,820666,2
4829,980742,3
4829,413611,8
4829,654086,9
4829,555031,4
4829,529547,4
4829,204659,4
4829,449665,2
4829,661417,5
4829,465678,5
4829,570193,7
4829,741622,1
4829,287447,8
4829,661585,4
4829,728903,2
4829,707776,7
4829,951045,6
4829,453920,3
4829,802534,6
4829,603770,7
4829,794265,5
4829,846245,9
4829,677339,4
4829,991567,3
4829,674708,3
4829,698074,2
4829,701193,3
4829,347973,1
4829,684214,5
4829,641584,5
4829,475859,6
4829,680165,2
4829,175445,8
4829,223085,9
4829,431780,6
4829,978287,3
4829,112166,8
4829,554886,9
4829,607220,3
4829,560705,6
4829,918241,8
4829,533358,4
4829,835427,8
4829,414710,7
4829,707457,3
4829,420250,5
4829,641515,4
4829,409222,9
4829,558307,2
4829,935459,6
4829,468361,5
4829,659110,1
4829,261522,1
4829,881523,1
4829,218518,5
4829,547264,1
4829,129716,5
4829,451623,2
4829,252284,1
4829,841816,4
4829,735320,4
4829,131359,7
4829,780643,1
4829,426332,2
4829,603103,4
4829,653359,6
4829,974247,2
4829,960286,1
4829,387499,5
4829,111026,6
4829,932780,4
4829,143525,1
4829,673126,5
4829,664643,6
4829,853354,3
4829,584408,6
4829,602336,5
4829,761380,8
4829,580813,9
4829,702631,1
4829,956128,5
4829,105544,5
4829,757857,2
4829,358381,1
4829,711415,4
4829,723811,2
4829,227255,6
4829,454654,7
4829,183570,1
4829,779991,5
4829,985470,3
4829,830972,5
4829,931840,6
4829,401950,6
4829,605092,7
4829,367200,9
4829,309860,9
4829,398712,3
4829,467133,4
4829,245197,3
4829,607711,5
4829,168616,6
4829,867015,8
4829,545345,8
4829,732451,5
4829,964140,9
4829,751396,3
4829,922569,5
4829,698107,5
4829,116986,3
4829,205298,5
4829,445551,5
4829,212419,7
4829,888662,4
4829,590661,7
4829,123331,2
4829,459384,4
4829,431911,2
4829,245107,5
4829,111324,9
4829,688675,2
4829,476066,4
4829,160748,3
4829,348626,4
4829,187573,6
4829,206577,5
4829,777800,5
4829,579485,6
4829,846703,7
4829,411365,4
4829,391464,4
4829,568286,9
4829,822600,2
4829,389281,3
4829,396726,1
4829,594930,4
4829,756511,3
4829,205778,9
4829,722496,9
4829,711138,3
4829,702455,5
4829,223363,1
4829,908512,8
4829,146556,2
4829,361292,7
4829,971955,3
4829,457090,7
4829,153673,4
4829,574461,9
4829,141964,3
4829,728784,4
4829,720613,6
4829,717926,7
4829,112428,3
4829,361621,2
4829,551571,6
4829,875573,9
4829,840454,6
4829,912737,9
4829,316425,2
4829,463943,1
4829,544127,2
4829,804184,6
4829,753199,2
4829,243077,6
4829,808959,7
4829,573755,2
4829,471191,3
4829,181171,5
4829,841785,2
4829,250068,6
4829,701083,8
4829,100667,7
4829,984082,3
4829,298883,1
4829,277782,3
4829,284525,2
4829,650872,3
4829,253332,3
4829,497368,7
4829,239812,8
4829,953865,9
4829,469815,8
4829,982461,6
4829,152775,2
4829,804067,3
4829,324060,4
4829,961731,4
4829,675932,9
4829,307492,8
4829,378130,8
4829,101308,8
4829,615264,4
4829,852855,5
4829,544380,1
4829,997501,5
4829,582243,1
4829,393639,3
4829,827345,7
4829,230897,2
4829,427326,8
4829,921229,5
4829,328463,4
4829,177815,2
4829,449947,9
4829,305188,1
4829,377751,9
4829,820632,5
4829,133159,3
4829,533940,2
4829,967353,6
4829,713711,8
4829,196198,1
4829,583948,1
4829,345169,9
4829,780831,1
4829,244889,6
4829,375977,7
4829,775773,8
4829,317670,7
4829,893605,3
4829,700749,2
4829,152584,7
4829,302937,3
4829,555153,5
4829,335033,2
4829,539930,4
4829,148345,3
4829,452460,3
4829,819805,4
4829,544326,2
4829,157952,6
4829,434708,8
4829,675789,6
4829,281065,5
4829,781592,3
4829,194706,7
4829,758851,7
4829,522428,9
4829,135047,3
4829,905233,2
4829,391851,5
4829,374807,8
4829,520478,9
4829,335783,6
4829,440443,8
4829,917271,3
4829,616502,4
4829,805629,8
4829,872613,4
4829,372792,7
4829,954752,6
4829,277229,5
4829,959434,6
4829,777409,2
4829,234074,5
4829,470375,1
4829,862238,3
4829,237547,1
4829,963624,8
4829,119053,6
4829,796769,1
4829,837086,1
4829,527433,5
4829,810572,2
4829,832229,6
4829,902143,7
4829,694783,1
4829,763400,8
4829,972617,9
4829,857169,4
4829,149264,4
4829,246952,4
4829,373184,8
4829,681594,4
4829,352644,1
4829,740532,4
4829,217728,3
4829,301577,2
4829,413668,4
4829,110681,9
4829,733748,4
4829,452985,3
4829,105584,5
4829,870056,6
4829,857999,9
4829,582002,3
4829,673643,6
4829,913485,7
4829,262657,3
4829,489670,4
4829,172684,3
4829,733254,4
4829,602951,4
4829,913780,8
4829,493458,2
4829,636991,2
4829,886423,9
4829,428099,6
4829,172347,2
4829,335862,1
4829,965607,6
4829,287812,6
4829,857808,6
4829,592160,6
4829,113479,8
4829,109551,5
4829,604407,5
4829,298052,9
4829,948671,9
4829,256241,7
4829,308309,8
4829,625362,2
4829,939148,2
4829,693747,2
4829,458015,4
4829,173342,3
4829,241419,9
4829,452067,2
4829,299638,5
4829,320623,4
4829,737766,7
4829,914310,3
4829,950853,8
4829,147387,5
4829,326914,9
4829,254544,9
4829,521998,2
4829,549385,7
4829,216841,1
4829,702246,2
4829,809416,8
4829,222651,2
4829,318927,8
4829,418299,5
4829,571703,9
4829,616533,5
4829,250489,2
4829,776611,3
4829,918371,5
4829,475177,8
4829,161471,5
4829,523626,8
4829,873228,1
4829,543267,9
4829,418910,2
4829,355835,4
4829,569785,2
4829,925056,7
4829,223046,8
4829,294038,8
4829,714941,4
4829,704782,9
4829,581774,9
4829,539528,1
4829,827302,4
4829,844239,5
4829,665856,9
4829,127804,8
4829,749742,9
4829,704480,4
4829,616921,8
4829,420371,3
4829,357393,6
4829,144303,7
4829,395747,2
4829,575726,7
4829,375351,8
4829,558471,1
4829,117769,2
4829,681294,1
4829,620939,1
4829,890698,5
4829,312680,3
4829,992438,7
4829,905965,6
4829,750933,9
4829,403361,9
4829,530427,2
4829,343551,6
4829,107208,9
4829,441762,2
4829,983330,2
4829,868012,4
4829,435337,5
4829,346412,1
4829,450645,2
4829,863357,3
4829,774357,2
4829,214307,7
4829,197098,3
4829,559545,1
4829,660498,1
4829,341720,5
4829,769417,1
4829,482963,2
4829,626693,5
4829,830137,9
4829,736419,9
4829,707593,6
4829,371581,8
4829,513806,8
4829,720551,2
4829,401429,8
4829,390357,8
4829,246831,1
4829,987358,1
4829,353070,3
4829,356805,9
4829,105396,1
4829,221965,4
4829,824338,2
4829,263556,2
4829,596329,1
4829,375305,5
4829,907186,9
4829,441857,7
4829,228081,9
4829,360965,5
4829,338606,3
4829,786754,5
4829,179625,4
4829,208392,5
4829,539443,4
4829,828880,2
4829,595614,9
4829,282260,2
4829,503883,7
4829,122508,9
4829,268294,5
4829,316178,7
4829,854325,4
4829,904662,4
4829,156221,5
4829,313289,5
4829,376871,1
4829,655555,6
4829,945658,5
4829,792072,8
4829,514753,5
4829,141230,4
4829,921080,4
4829,232753,5
4829,192671,9
4829,635530,2
4829,720631,2
4829,546358,5
4829,422815,5
4829,549955,5
4829,452126,1
4829,393275,8
4829,732015,5
4829,111638,1
4829,142247,3
4829,627674,3
4829,337969,1
4829,504802,3
4829,409872,7
4829,279484,6
4829,602430,4
4829,638894,1
4829,976271,1
4829,948092,2
4829,792827,8
4829,729011,3
4829,230197,4
4829,487186,4
4829,241181,5
4829,356957,3
4829,880072,4
4829,973731,7
4829,537757,6
4829,279922,3
4829,787879,2
4829,706307,2
4829,565130,8
4829,213819,9
4829,474514,7
4829,970325,6
4829,648606,4
4829,703639,4
4829,109549,1
4829,807487,7
4829,117224,2
4829,229594,3
4829,207444,5
4829,171081,1
4829,337643,2
4829,796028,7
4829,578510,9
4829,997275,5
4829,993086,3
4829,267914,9
4829,390428,1
4829,382195,7
4829,333395,6
4829,154626,3
4829,297787,3
4829,559463,8
4829,600277,9
4829,965310,1
4829,897519,3
4829,889253,1
4829,731219,1
4829,297288,1
4829,686408,7
4829,521384,1
4829,944572,4
4829,696995,4
4829,418327,8
4829,553404,6
4829,569229,3
4829,422036,9
4829,110365,6
4829,619697,3
4829,617307,8
4829,536712,1
4829,773512,8
4829,130550,5
4829,494430,2
4829,953783,8
4829,418257,9
4829,862000,3
4829,474373,7
4829,104736,1
4829,273621,8
4829,107484,7
4829,995169,9
4829,746769,4
4829,862471,2
4829,467799,5
4829,693883,4
4829,990964,3
4829,368936,1
4829,289138,6
4829,334197,9
4829,994992,9
4829,574494,8
4829,594399,6
4829,149371,6
4829,674297,2
4829,466444,1
4829,244467,2
4829,481418,9
4829,165604,7
4829,897527,3
4829,828653,5
4829,487645,6
4829,559813,1
4829,918102,9
4829,441439,3
4829,584603,6
4829,610062,3
4829,692250,8
4829,348601,5
4829,441683,9
4829,120821,9
4829,506146,1
4829,713355,6
4829,160762,8
4829,789757,8
4829,345932,5
4829,133036,9
4829,578690,2
4829,783814,7
4829,987986,8
4829,816173,2
4829,391061,1
4829,280344,3
4829,263834,5
4829,607103,6
4829,781267,7
4829,738751,8
4829,490800,2
4829,934766,5
4829,944210,8
4829,251435,2
4829,932020,6
4829,915391,7
4829,811319,1
4829,288807,3
4829,671677,2
4829,362175,7
4829,738460,3
4829,274368,9
4829,563296,2
4829,480527,5
4829,887709,9
4829,907192,5
4829,890111,7
4829,809381,9
4829,121437,3
4829,849235,4
4829,964658,2
4829,288917,2
4829,871967,5
4829,554939,6
4829,462668,9
4829,901252,2
4829,539225,3
4829,240420,6
4829,745368,3
4829,769665,2
4829,687198,1
4829,735436,5
4829,575416,7
4829,732934,3
4829,445866,7
4829,290978,1
4829,734494,5
4829,911233,7
4829,366167,9
4829,977026,1
4829,453685,2
4829,825624,6
4829,958850,2
4829,853614,8
4829,670236,1
4829,370347,4
4829,275246,1
4829,971537,5
4829,804423,4
4829,278942,3
4829,208085,4
4829,211868,5
4829,795175,9
4829,640572,4
4829,401766,5
4829,828998,6
4829,677949,6
4829,219005,7
4829,572114,9
4829,707566,1
4829,366884,1
4829,383321,4
4829,817684,5
4829,447617,4
4829,811694,1
4829,370931,1
4829,466493,6
4829,163651,9
4829,560981,8
4829,788137,5
4829,270167,3
4829,492429,8
4829,792397,1
4829,750974,9
4829,625027,3
4829,804078,6
4829,375616,1
4829,509685,6
4829,927605,6
4829,523341,4
4829,289918,4
4829,428464,9
4829,875133,5
4829,371992,1
4829,908750,9
4829,118634,7
4829,427754,4
4829,803169,8
4829,404806,9
4829,593266,4
4829,199472,3
4829,843228,8
4829,957110,2
4829,626847,9
4829,960362,5
4829,481699,3
4829,455378,6
4829,330568,4
4829,588482,5
4829,742954,9
4829,225281,7
4829,436851,1
4829,479178,9
4829,516643,9
4829,876191,6
4829,974354,4
4829,533000,9
4829,631937,8
4829,266868,6
4829,482149,2
4829,548062,9
4829,134044,2
4829,930145,1
4829,945684,5
4829,813271,6
4829,954455,5
4829,486109,9
4829,733825,7
4829,505162,6
4829,930273,6
4829,389054,7
4829,708906,7
4829,345411,8
4829,968474,4
4829,802928,8
4829,831046,1
4829,301913,7
4829,540900,9
4829,500909,5
4829,684011,4
4829,200013,6
4829,457419,3
4829,484062,6
4829,817097,7
4829,296890,9
4829,260145,8
4829,343942,1
4829,984763,3
4829,156432,1
4829,444381,5
4829,648942,9
4829,802735,6
4829,659745,7
4829,103608,5
4829,567241,4
4829,252486,9
4829,183924,8
4829,497338,6
4829,388869,3
4829,881069,6
4829,351532,7
4829,958350,4
4829,233835,6
4829,608529,9
4829,583686,6
4829,489963,4
4829,852745,8
4829,633895,4
4829,980332,6
4829,619456,5
4829,367505,4
4829,811345,3
4829,743435,6
4829,642650,3
4829,279228,7
4829,839333,5
4829,601045,9
4829,769996,9
4829,245273,5
4829,306525,5
4829,992211,2
4829,577972,2
4829,427820,3
4829,777460,7
4829,301785,9
4829,635516,5
4829,420938,4
4829,235778,8
4829,344381,4
4829,814256,9
4829,746261,3
4829,884033,8
4829,216983,7
4829,656327,4
4829,136993,6
4829,483615,5
4829,217712,4
4829,868470,1
4829,485792,5
4829,730204,2
4829,691552,9
4829,897370,4
4829,364652,1
4829,711866,4
4829,349381,8
4829,186939,9
4829,238962,6
4829,607649,7
4829,541443,3
4829,203048,7
4829,815901,6
4829,118643,6
4829,196841,3
4829,989999,3
4829,298576,4
4829,211347,9
4829,235280,1
4829,813382,8
4829,957083,1
4829,676004,1
4829,425038,4
4829,632166,5
4829,720543,3
4829,545657,5
4829,406830,4
4829,796275,4
4829,765194,9
4829,173696,4
4829,561476,4
4829,257021,7
4829,174247,9
4829,630043,5
4829,639669,5
4829,499821,4
4829,819460,2
4829,336588,1
4829,694264,8
4829,183671,1
4829,656136,9
4829,889218,7
4829,469298,6
4829,689874,8
4829,445639,2
4829,755898,2
4829,823961,3
4829,778047,1
4829,493237,5
4829,331867,7
4829,698522,2
4829,311438,6
4829,355330,7
4829,798297,9
4829,974071,8
4829,550823,8
4829,931224,7
4829,855803,4
4829,837862,7
4829,214545,8
4829,605712,5
4829,207524,1
4829,747964,1
4829,831930,7
4829,110174,8
4829,223971,1
4829,848778,9
4829,887756,9
4829,365274,2
4829,579229,8
4829,851895,9
4829,921506,8
4829,796375,1
4829,113574,6
4829,520246,6
4829,858126,7
4829,579591,9
4829,480731,3
4829,522763,9
4829,178798,1
4829,293208,9
4829,967884,3
4829,778622,2
4829,716410,4
4829,458756,8
4829,714110,8
4829,447451,5
4829,130602,5
4829,724217,4
4829,142304,5
4829,469171,3
4829,648261,8
4829,176257,9
4829,703940,2
4829,862223,7
4829,181646,2
4829,542439,6
4829,518358,4
4829,688195,9
4829,637137,9
4829,367169,2
4829,869532,6
4829,109924,7
4829,533587,2
4829,224828,4
4829,846103,6
4829,438686,9
4829,630382,3
4829,891802,5
4829,992519,7
4829,261816,7
4829,965062,4
4829,443706,8
4829,546786,6
4829,485460,9
4829,123933,5
4829,962432,7
4829,804159,4
4829,598337,5
4829,136467,2
4829,954538,6
4829,417604,1
4829,370616,1
4829,204247,5
4829,212485,8
4829,689845,3
4829,101225,4
4829,468560,8
4829,846652,9
4829,139001,8
4829,278768,5
4829,510917,9
4829,267787,5
4829,788237,8
4829,669235,1
4829,747995,9
4829,400257,6
4829,311519,2
4829,603002,9
4829,856568,1
4829,510367,8
4829,805119,1
4829,844429,6
4829,811750,1
4829,106424,5
4829,632363,4
4829,958680,4
4829,744998,1
4829,650992,2
4829,367995,4
4829,317939,1
4829,494994,6
4829,913613,8
4829,310739,3
4829,338831,3
4829,946340,4
4829,603007,1
4829,944629,9
4829,777565,8
4829,400044,1
4829,794289,1
4829,645546,6
4829,123032,9
4829,270755,5
4829,609211,1
4829,533855,3
4829,281354,5
4829,739307,3
4829,320742,2
4829,165994,5
4829,249977,8
4829,811441,4
4829,918320,6
4829,867125,6
4829,421886,4
4829,648073,9
4829,483452,7
4829,923351,3
4829,213770,5
4829,523418,5
4829,473523,4
4829,792702,9
4829,633784,3
4829,411616,4
4829,319341,4
4829,950992,8
4829,796350,3
4829,286742,7
4829,378181,8
4829,668468,8
4829,303523,2
4829,150560,1
4829,109678,9
4829,625655,2
4829,954225,3
4829,837646,5
4829,259157,3
4829,407052,2
4829,424386,3
4829,569393,8
4829,381246,8
4829,554744,4
4829,706936,1
4829,388546,8
4829,371388,2
4829,174359,4
4829,183845,2
4829,317727,7
4829,151463,3
4829,250788,7
4829,406034,7
4829,323506,8
4829,678351,1
4829,891895,7
4829,407971,5
4829,983900,3
4829,730916,5
4829,453741,3
4829,917475,6
4829,556919,8
4829,702966,4
4829,705804,4
4829,900292,8
4829,274528,4
4829,997328,7
4829,533527,8
